
  __lat,__deg |   __lon,__deg |   ___CG,ftMSL |   _gear,ftagl |   terrn,ftMSL |   p-alt,ftMSL |   __lat,orign |   __lon,orign | 
     36.94466 |      37.49437 |    2318.31445 |      -0.00158 |    2312.01465 |    2318.27588 |      36.50000 |      37.00000 | 
     36.94466 |      37.49437 |    2318.32104 |       0.00503 |    2312.01465 |    2318.28247 |      36.50000 |      37.00000 | 
     36.94466 |      37.49437 |    2318.32617 |       0.01004 |    2312.01465 |    2318.28760 |      36.50000 |      37.00000 | 
     36.94466 |      37.49437 |    2318.33301 |       0.01684 |    2312.01465 |    2318.29443 |      36.50000 |      37.00000 | 
     36.94466 |      37.49437 |    2318.34448 |       0.02846 |    2312.01465 |    2318.30591 |      36.50000 |      37.00000 | 
     36.94466 |      37.49437 |    2318.35034 |       0.03447 |    2312.01440 |    2318.31177 |      36.50000 |      37.00000 | 
     36.94466 |      37.49437 |    2318.35840 |       0.04248 |    2312.01440 |    2318.31982 |      36.50000 |      37.00000 | 
     36.94466 |      37.49437 |    2318.36572 |       0.04989 |    2312.01440 |    2318.32715 |      36.50000 |      37.00000 | 
     36.94466 |      37.49437 |    2318.37622 |       0.06030 |    2312.01440 |    2318.33765 |      36.50000 |      37.00000 | 
     36.94466 |      37.49437 |    2318.38428 |       0.06831 |    2312.01440 |    2318.34570 |      36.50000 |      37.00000 | 
     36.94466 |      37.49437 |    2318.39111 |       0.07532 |    2312.01440 |    2318.35254 |      36.50000 |      37.00000 | 
     36.94466 |      37.49437 |    2318.39624 |       0.08032 |    2312.01440 |    2318.35767 |      36.50000 |      37.00000 | 
     36.94466 |      37.49437 |    2318.40210 |       0.08633 |    2312.01440 |    2318.36353 |      36.50000 |      37.00000 | 
     36.94466 |      37.49437 |    2318.40625 |       0.09034 |    2312.01440 |    2318.36768 |      36.50000 |      37.00000 | 
     36.94466 |      37.49437 |    2318.40967 |       0.09374 |    2312.01440 |    2318.37109 |      36.50000 |      37.00000 | 
     36.94466 |      37.49437 |    2318.41235 |       0.09654 |    2312.01440 |    2318.37378 |      36.50000 |      37.00000 | 
     36.94466 |      37.49437 |    2318.41455 |       0.09875 |    2312.01440 |    2318.37598 |      36.50000 |      37.00000 | 
     36.94466 |      37.49437 |    2318.41602 |       0.10015 |    2312.01440 |    2318.37744 |      36.50000 |      37.00000 | 
     36.94466 |      37.49437 |    2318.41675 |       0.10095 |    2312.01440 |    2318.37817 |      36.50000 |      37.00000 | 
     36.94466 |      37.49437 |    2318.41748 |       0.10155 |    2312.01440 |    2318.37891 |      36.50000 |      37.00000 | 
     36.94466 |      37.49437 |    2318.41772 |       0.10175 |    2312.01440 |    2318.37915 |      36.50000 |      37.00000 | 
     36.94466 |      37.49437 |    2318.41772 |       0.10175 |    2312.01440 |    2318.37915 |      36.50000 |      37.00000 | 
     36.94466 |      37.49437 |    2318.41748 |       0.10155 |    2312.01440 |    2318.37891 |      36.50000 |      37.00000 | 
     36.94466 |      37.49437 |    2318.41724 |       0.10135 |    2312.01440 |    2318.37866 |      36.50000 |      37.00000 | 
     36.94466 |      37.49437 |    2318.41675 |       0.10095 |    2312.01440 |    2318.37817 |      36.50000 |      37.00000 | 
     36.94466 |      37.49437 |    2318.41626 |       0.10035 |    2312.01440 |    2318.37769 |      36.50000 |      37.00000 | 
     36.94466 |      37.49437 |    2318.41602 |       0.10015 |    2312.01440 |    2318.37744 |      36.50000 |      37.00000 | 
     36.94466 |      37.49437 |    2318.41553 |       0.09955 |    2312.01440 |    2318.37695 |      36.50000 |      37.00000 | 
     36.94466 |      37.49437 |    2318.41504 |       0.09935 |    2312.01416 |    2318.37646 |      36.50000 |      37.00000 | 
     36.94466 |      37.49437 |    2318.41479 |       0.09895 |    2312.01416 |    2318.37622 |      36.50000 |      37.00000 | 
     36.94466 |      37.49437 |    2318.41431 |       0.09855 |    2312.01416 |    2318.37573 |      36.50000 |      37.00000 | 
     36.94466 |      37.49437 |    2318.41406 |       0.09835 |    2312.01416 |    2318.37549 |      36.50000 |      37.00000 | 
     36.94466 |      37.49437 |    2318.41382 |       0.09815 |    2312.01416 |    2318.37524 |      36.50000 |      37.00000 | 
     36.94466 |      37.49437 |    2318.41357 |       0.09794 |    2312.01416 |    2318.37500 |      36.50000 |      37.00000 | 
     36.94466 |      37.49437 |    2318.41333 |       0.09754 |    2312.01416 |    2318.37476 |      36.50000 |      37.00000 | 
     36.94466 |      37.49437 |    2318.41309 |       0.09734 |    2312.01416 |    2318.37451 |      36.50000 |      37.00000 | 
     36.94466 |      37.49437 |    2318.41284 |       0.09714 |    2312.01416 |    2318.37427 |      36.50000 |      37.00000 | 
     36.94466 |      37.49437 |    2318.41260 |       0.09694 |    2312.01416 |    2318.37402 |      36.50000 |      37.00000 | 
     36.94466 |      37.49437 |    2318.41235 |       0.09674 |    2312.01416 |    2318.37378 |      36.50000 |      37.00000 | 
     36.94466 |      37.49437 |    2318.41235 |       0.09654 |    2312.01416 |    2318.37378 |      36.50000 |      37.00000 | 
     36.94466 |      37.49437 |    2318.41211 |       0.09654 |    2312.01416 |    2318.37354 |      36.50000 |      37.00000 | 
     36.94466 |      37.49437 |    2318.41211 |       0.09654 |    2312.01416 |    2318.37354 |      36.50000 |      37.00000 | 
     36.94466 |      37.49437 |    2318.41211 |       0.09634 |    2312.01416 |    2318.37354 |      36.50000 |      37.00000 | 
     36.94466 |      37.49437 |    2318.41211 |       0.09634 |    2312.01416 |    2318.37354 |      36.50000 |      37.00000 | 
     36.94466 |      37.49437 |    2318.41211 |       0.09654 |    2312.01416 |    2318.37354 |      36.50000 |      37.00000 | 
     36.94466 |      37.49437 |    2318.41235 |       0.09654 |    2312.01416 |    2318.37378 |      36.50000 |      37.00000 | 
     37.02093 |      36.64676 |   37979.70703 |   33077.89844 |    4895.50488 |   37986.03906 |      37.50000 |      37.00000 | 
     37.02093 |      36.64676 |   37979.66797 |   33077.85938 |    4895.50488 |   37986.00000 |      37.50000 |      37.00000 | 
     37.02093 |      36.64676 |   37979.50391 |   33077.69531 |    4895.50830 |   37985.83984 |      37.50000 |      37.00000 | 
     37.02093 |      36.64676 |   37979.28516 |   33077.47656 |    4895.50830 |   37985.62109 |      37.50000 |      37.00000 | 
     37.02093 |      36.64676 |   37978.92578 |   33077.11719 |    4895.50830 |   37985.26172 |      37.50000 |      37.00000 | 
     37.02093 |      36.64676 |   37978.53125 |   33076.71875 |    4895.50830 |   37984.87109 |      37.50000 |      37.00000 | 
     37.02093 |      36.64676 |   37978.14453 |   33076.33203 |    4895.51074 |   37984.48828 |      37.50000 |      37.00000 | 
     37.02093 |      36.64676 |   37977.60547 |   33075.79297 |    4895.51074 |   37983.95312 |      37.50000 |      37.00000 | 
     37.02093 |      36.64676 |   37976.75391 |   33074.93359 |    4895.51611 |   37983.10156 |      37.50000 |      37.00000 | 
     37.02093 |      36.64676 |   37976.03906 |   33074.22266 |    4895.51611 |   37982.39453 |      37.50000 |      37.00000 | 
     37.02093 |      36.64676 |   37975.08984 |   33073.26172 |    4895.52148 |   37981.44922 |      37.50000 |      37.00000 | 
     37.02093 |      36.64676 |   37974.34766 |   33072.52734 |    4895.52148 |   37980.71484 |      37.50000 |      37.00000 | 
     37.02093 |      36.64676 |   37973.22656 |   33071.40234 |    4895.52441 |   37979.59766 |      37.50000 |      37.00000 | 
     37.02093 |      36.64676 |   37971.98438 |   33070.15234 |    4895.52930 |   37978.35938 |      37.50000 |      37.00000 | 
     37.02093 |      36.64676 |   37970.84766 |   33069.01172 |    4895.53516 |   37977.23438 |      37.50000 |      37.00000 | 
     37.02093 |      36.64676 |   37969.82812 |   33067.98828 |    4895.53516 |   37976.21484 |      37.50000 |      37.00000 | 
     37.02093 |      36.64676 |   37968.54297 |   33066.70312 |    4895.54004 |   37974.93750 |      37.50000 |      37.00000 | 
     37.02093 |      36.64676 |   37967.20312 |   33065.35547 |    4895.54492 |   37973.60547 |      37.50000 |      37.00000 | 
     37.02093 |      36.64676 |   37966.01562 |   33064.16016 |    4895.55078 |   37972.42578 |      37.50000 |      37.00000 | 
     37.02093 |      36.64676 |   37964.50781 |   33062.64844 |    4895.55566 |   37970.92578 |      37.50000 |      37.00000 | 
     37.02093 |      36.64676 |   37963.48047 |   33061.62109 |    4895.55762 |   37969.90625 |      37.50000 |      37.00000 | 
     37.02093 |      36.64676 |   37961.29688 |   33059.42969 |    4895.56836 |   37967.73438 |      37.50000 |      37.00000 | 
     37.02093 |      36.64676 |   37959.58594 |   33057.71094 |    4895.57324 |   37966.03516 |      37.50000 |      37.00000 | 
     37.02093 |      36.64676 |   37957.48047 |   33055.59766 |    4895.58105 |   37963.94141 |      37.50000 |      37.00000 | 
     37.02093 |      36.64676 |   37955.92578 |   33054.03516 |    4895.58838 |   37962.39453 |      37.50000 |      37.00000 | 
     37.02093 |      36.64676 |   37954.00000 |   33052.10547 |    4895.59570 |   37960.48438 |      37.50000 |      37.00000 | 
     37.02093 |      36.64676 |   37951.63281 |   33049.72266 |    4895.60645 |   37958.12891 |      37.50000 |      37.00000 | 
     37.02093 |      36.64676 |   37950.26953 |   33048.35156 |    4895.61377 |   37956.77344 |      37.50000 |      37.00000 | 
     37.02093 |      36.64676 |   37947.76172 |   33045.83203 |    4895.62354 |   37954.27734 |      37.50000 |      37.00000 | 
     37.02093 |      36.64676 |   37945.91797 |   33043.98438 |    4895.63135 |   37952.44531 |      37.50000 |      37.00000 | 
     37.02093 |      36.64676 |   37943.66016 |   33041.71875 |    4895.63818 |   37950.19922 |      37.50000 |      37.00000 | 
     37.02093 |      36.64676 |   37940.92188 |   33038.96875 |    4895.65332 |   37947.48047 |      37.50000 |      37.00000 | 
     37.02093 |      36.64676 |   37938.07812 |   33036.10938 |    4895.66602 |   37944.65234 |      37.50000 |      37.00000 | 
     37.02093 |      36.64676 |   37935.99219 |   33034.01953 |    4895.67334 |   37942.57812 |      37.50000 |      37.00000 | 
     37.02093 |      36.64676 |   37934.31641 |   33032.33203 |    4895.68115 |   37940.91016 |      37.50000 |      37.00000 | 
     37.02093 |      36.64676 |   37931.30078 |   33029.30469 |    4895.69580 |   37937.91406 |      37.50000 |      37.00000 | 
     37.02093 |      36.64676 |   37928.17578 |   33026.16406 |    4895.70801 |   37934.80469 |      37.50000 |      37.00000 | 
     37.02093 |      36.64676 |   37925.89844 |   33023.87891 |    4895.71826 |   37932.54297 |      37.50000 |      37.00000 | 
     37.02093 |      36.64676 |   37923.12109 |   33021.09375 |    4895.72803 |   37929.78125 |      37.50000 |      37.00000 | 
     37.02093 |      36.64676 |   37919.77344 |   33017.73047 |    4895.74268 |   37926.45312 |      37.50000 |      37.00000 | 
     37.02093 |      36.64676 |   37917.30469 |   33015.25000 |    4895.75391 |   37923.99609 |      37.50000 |      37.00000 | 
     37.02093 |      36.64676 |   37915.37891 |   33013.31641 |    4895.76074 |   37922.08203 |      37.50000 |      37.00000 | 
     37.02093 |      36.64676 |   37911.85938 |   33009.78516 |    4895.77393 |   37918.58594 |      37.50000 |      37.00000 | 
     37.02093 |      36.64676 |   37908.26562 |   33006.17969 |    4895.78418 |   37915.01172 |      37.50000 |      37.00000 | 
     37.02093 |      36.64676 |   37904.30859 |   33002.20703 |    4895.79736 |   37911.07422 |      37.50000 |      37.00000 | 
     37.02093 |      36.64676 |   37899.98047 |   32997.86719 |    4895.81104 |   37906.77344 |      37.50000 |      37.00000 | 
     37.02093 |      36.64676 |   37895.56250 |   32993.44141 |    4895.81982 |   37902.37891 |      37.50000 |      37.00000 | 
     37.02093 |      36.64676 |   37893.07422 |   32990.94531 |    4895.82324 |   37899.90625 |      37.50000 |      37.00000 | 
     37.02093 |      36.64676 |   37889.91797 |   32987.78516 |    4895.82959 |   37896.76562 |      37.50000 |      37.00000 | 
     37.02093 |      36.64676 |   37887.34766 |   32985.21875 |    4895.83154 |   37894.21484 |      37.50000 |      37.00000 | 
     37.02093 |      36.64676 |   37882.63672 |   32980.50391 |    4895.83398 |   37889.52734 |      37.50000 |      37.00000 | 
     37.02093 |      36.64676 |   37878.46875 |   32976.33594 |    4895.83398 |   37885.38281 |      37.50000 |      37.00000 | 
     37.02093 |      36.64676 |   37874.17188 |   32972.04297 |    4895.82812 |   37881.11328 |      37.50000 |      37.00000 | 
     37.02093 |      36.64676 |   37869.82812 |   32967.70703 |    4895.82178 |   37876.79297 |      37.50000 |      37.00000 | 
     37.02093 |      36.64675 |   37866.06250 |   32963.94922 |    4895.81299 |   37873.05078 |      37.50000 |      37.00000 | 
     37.02093 |      36.64675 |   37862.80469 |   32960.69531 |    4895.80420 |   37869.80859 |      37.50000 |      37.00000 | 
     37.02093 |      36.64675 |   37858.97266 |   32956.88281 |    4895.78906 |   37866.00000 |      37.50000 |      37.00000 | 
     37.02093 |      36.64675 |   37854.35156 |   32952.27734 |    4895.76807 |   37861.40234 |      37.50000 |      37.00000 | 
     37.02093 |      36.64675 |   37849.64844 |   32947.60156 |    4895.74268 |   37856.72656 |      37.50000 |      37.00000 | 
     37.02093 |      36.64675 |   37845.54297 |   32943.51953 |    4895.72021 |   37852.64453 |      37.50000 |      37.00000 | 
     37.02093 |      36.64675 |   37842.79688 |   32940.79688 |    4895.70020 |   37849.91406 |      37.50000 |      37.00000 | 
     37.02093 |      36.64675 |   37837.86328 |   32935.89844 |    4895.66162 |   37845.00781 |      37.50000 |      37.00000 | 
     37.02093 |      36.64675 |   37833.59766 |   32931.67188 |    4895.62549 |   37840.76953 |      37.50000 |      37.00000 | 
     37.02093 |      36.64675 |   37828.48047 |   32926.60156 |    4895.57666 |   37835.68359 |      37.50000 |      37.00000 | 
     37.02093 |      36.64675 |   37823.30469 |   32921.48047 |    4895.52344 |   37830.53516 |      37.50000 |      37.00000 | 
     37.02093 |      36.64675 |   37818.76172 |   32916.98828 |    4895.47412 |   37826.01953 |      37.50000 |      37.00000 | 
     37.02093 |      36.64675 |   37813.39844 |   32911.68359 |    4895.41113 |   37820.68750 |      37.50000 |      37.00000 | 
     37.02093 |      36.64674 |   37808.69922 |   32907.04688 |    4895.34619 |   37816.01172 |      37.50000 |      37.00000 | 
     37.02093 |      36.64674 |   37803.96094 |   32902.37891 |    4895.28027 |   37811.30078 |      37.50000 |      37.00000 | 
     37.02093 |      36.64674 |   37799.92188 |   32898.39844 |    4895.22266 |   37807.28516 |      37.50000 |      37.00000 | 
     37.02093 |      36.64674 |   37795.00391 |   32893.55859 |    4895.14502 |   37802.39844 |      37.50000 |      37.00000 | 
     37.02093 |      36.64674 |   37790.03125 |   32888.65625 |    4895.06982 |   37797.45312 |      37.50000 |      37.00000 | 
     37.02093 |      36.64674 |   37784.07422 |   32882.78906 |    4894.98291 |   37791.53125 |      37.50000 |      37.00000 | 
     37.02094 |      36.64674 |   37778.95312 |   32877.73438 |    4894.91309 |   37786.43750 |      37.50000 |      37.00000 | 
     37.02094 |      36.64674 |   37772.79688 |   32871.66016 |    4894.83252 |   37780.31641 |      37.50000 |      37.00000 | 
     37.02094 |      36.64674 |   37767.50391 |   32866.43359 |    4894.76855 |   37775.05469 |      37.50000 |      37.00000 | 
     37.02094 |      36.64674 |   37763.00391 |   32861.97656 |    4894.72412 |   37770.57812 |      37.50000 |      37.00000 | 
     37.02094 |      36.64674 |   37757.50391 |   32856.52734 |    4894.67285 |   37765.11328 |      37.50000 |      37.00000 | 
     37.02094 |      36.64674 |   37752.89844 |   32851.96094 |    4894.63623 |   37760.53125 |      37.50000 |      37.00000 | 
     37.02094 |      36.64673 |   37747.27734 |   32846.37109 |    4894.60498 |   37754.94141 |      37.50000 |      37.00000 | 
     37.02094 |      36.64673 |   37740.62500 |   32839.75000 |    4894.57568 |   37748.32812 |      37.50000 |      37.00000 | 
     37.02094 |      36.64673 |   37734.84766 |   32833.98438 |    4894.56201 |   37742.58203 |      37.50000 |      37.00000 | 
     37.02094 |      36.64673 |   37727.98828 |   32827.14062 |    4894.55029 |   37735.76562 |      37.50000 |      37.00000 | 
     37.02094 |      36.64673 |   37723.02734 |   32822.17578 |    4894.54883 |   37730.82812 |      37.50000 |      37.00000 | 
     37.02094 |      36.64673 |   37718.01953 |   32817.17188 |    4894.54736 |   37725.85156 |      37.50000 |      37.00000 | 
     37.02094 |      36.64673 |   37714.06641 |   32813.22266 |    4894.54688 |   37721.92188 |      37.50000 |      37.00000 | 
     37.02094 |      36.64673 |   37708.98438 |   32808.12891 |    4894.55176 |   37716.86719 |      37.50000 |      37.00000 | 
     37.02094 |      36.64673 |   37701.80078 |   32800.93750 |    4894.56201 |   37709.72656 |      37.50000 |      37.00000 | 
     37.02094 |      36.64673 |   37694.54688 |   32793.66406 |    4894.57959 |   37702.51172 |      37.50000 |      37.00000 | 
     37.02094 |      36.64673 |   37686.12109 |   32785.21094 |    4894.60986 |   37694.13281 |      37.50000 |      37.00000 | 
     37.02094 |      36.64673 |   37679.77344 |   32778.83594 |    4894.63672 |   37687.82422 |      37.50000 |      37.00000 | 
     37.02094 |      36.64673 |   37672.24609 |   32771.25781 |    4894.68213 |   37680.33594 |      37.50000 |      37.00000 | 
     37.02094 |      36.64673 |   37665.80469 |   32764.77734 |    4894.72461 |   37673.93359 |      37.50000 |      37.00000 | 
     37.02094 |      36.64673 |   37658.12891 |   32757.04297 |    4894.78271 |   37666.29688 |      37.50000 |      37.00000 | 
     37.02094 |      36.64673 |   37651.55469 |   32750.41016 |    4894.84277 |   37659.76562 |      37.50000 |      37.00000 | 
     37.02094 |      36.64673 |   37645.98438 |   32744.78516 |    4894.89600 |   37654.22266 |      37.50000 |      37.00000 | 
     37.02094 |      36.64673 |   37639.28516 |   32738.01758 |    4894.96338 |   37647.56250 |      37.50000 |      37.00000 | 
     37.02094 |      36.64673 |   37633.65234 |   32732.32227 |    4895.02734 |   37641.96484 |      37.50000 |      37.00000 | 
     37.02094 |      36.64674 |   37626.82812 |   32725.41992 |    4895.10693 |   37635.17969 |      37.50000 |      37.00000 | 
     37.02094 |      36.64674 |   37619.98828 |   32718.49414 |    4895.19287 |   37628.37500 |      37.50000 |      37.00000 | 
     37.02094 |      36.64674 |   37611.84766 |   32710.24609 |    4895.29883 |   37620.28125 |      37.50000 |      37.00000 | 
     37.02093 |      36.64674 |   37604.88281 |   32703.18750 |    4895.39502 |   37613.35547 |      37.50000 |      37.00000 | 
     37.02093 |      36.64674 |   37598.91797 |   32697.13672 |    4895.48096 |   37607.42578 |      37.50000 |      37.00000 | 
     37.02093 |      36.64674 |   37591.86719 |   32689.97461 |    4895.58789 |   37600.41016 |      37.50000 |      37.00000 | 
     37.02093 |      36.64674 |   37585.85938 |   32683.87109 |    4895.68652 |   37594.44141 |      37.50000 |      37.00000 | 
     37.02093 |      36.64674 |   37578.60156 |   32676.48633 |    4895.81348 |   37587.22266 |      37.50000 |      37.00000 | 
     37.02093 |      36.64674 |   37572.52344 |   32670.29297 |    4895.92822 |   37581.17969 |      37.50000 |      37.00000 | 
     37.02093 |      36.64674 |   37565.12500 |   32662.74414 |    4896.08105 |   37573.82422 |      37.50000 |      37.00000 | 
     37.02093 |      36.64674 |   37560.19922 |   32657.70898 |    4896.18945 |   37568.92578 |      37.50000 |      37.00000 | 
     37.02093 |      36.64675 |   37551.36328 |   32648.66602 |    4896.39746 |   37560.14062 |      37.50000 |      37.00000 | 
     37.02093 |      36.64675 |   37543.90625 |   32641.03125 |    4896.57324 |   37552.72266 |      37.50000 |      37.00000 | 
     37.02093 |      36.64675 |   37534.93750 |   32631.84180 |    4896.79395 |   37543.80469 |      37.50000 |      37.00000 | 
     37.02093 |      36.64675 |   37525.89453 |   32622.57617 |    4897.01465 |   37534.81250 |      37.50000 |      37.00000 | 
     37.02093 |      36.64676 |   37518.05469 |   32614.54688 |    4897.20361 |   37527.01562 |      37.50000 |      37.00000 | 
     37.02093 |      36.64676 |   37508.87500 |   32605.15625 |    4897.41748 |   37517.88672 |      37.50000 |      37.00000 | 
     37.02093 |      36.64676 |   37500.88672 |   32596.99023 |    4897.59424 |   37509.94531 |      37.50000 |      37.00000 | 
     37.02093 |      36.64676 |   37491.36719 |   32587.27539 |    4897.79199 |   37500.48047 |      37.50000 |      37.00000 | 
     37.02093 |      36.64676 |   37484.66797 |   32580.44531 |    4897.91846 |   37493.81641 |      37.50000 |      37.00000 | 
     37.02093 |      36.64676 |   37476.41016 |   32572.04492 |    4898.06250 |   37485.60547 |      37.50000 |      37.00000 | 
     37.02093 |      36.64676 |   37469.53516 |   32565.06641 |    4898.16797 |   37478.76953 |      37.50000 |      37.00000 | 
     37.02093 |      36.64677 |   37461.12891 |   32556.54688 |    4898.28223 |   37470.41016 |      37.50000 |      37.00000 | 
     37.02093 |      36.64677 |   37451.29688 |   32546.60156 |    4898.39160 |   37460.63281 |      37.50000 |      37.00000 | 
     37.02093 |      36.64677 |   37442.78906 |   32538.02148 |    4898.46387 |   37452.17188 |      37.50000 |      37.00000 | 
     37.02093 |      36.64677 |   37432.71484 |   32527.89453 |    4898.51709 |   37442.15625 |      37.50000 |      37.00000 | 
     37.02093 |      36.64677 |   37425.41016 |   32520.56641 |    4898.54199 |   37434.89062 |      37.50000 |      37.00000 | 
     37.02093 |      36.64677 |   37418.20703 |   32513.35742 |    4898.54883 |   37427.73047 |      37.50000 |      37.00000 | 
     37.02093 |      36.64677 |   37410.91797 |   32506.07812 |    4898.53809 |   37420.48047 |      37.50000 |      37.00000 | 
     37.02093 |      36.64677 |   37404.99609 |   32500.17969 |    4898.51611 |   37414.59375 |      37.50000 |      37.00000 | 
     37.02093 |      36.64676 |   37394.62500 |   32489.86328 |    4898.45801 |   37404.27734 |      37.50000 |      37.00000 | 
     37.02093 |      36.64676 |   37387.13672 |   32482.43555 |    4898.39697 |   37396.83203 |      37.50000 |      37.00000 | 
     37.02093 |      36.64676 |   37379.66797 |   32475.04102 |    4898.32227 |   37389.40625 |      37.50000 |      37.00000 | 
     37.02093 |      36.64676 |   37370.57031 |   32466.05859 |    4898.21045 |   37380.35938 |      37.50000 |      37.00000 | 
     37.02093 |      36.64676 |   37359.83984 |   32455.48438 |    4898.05469 |   37369.68750 |      37.50000 |      37.00000 | 
     37.02093 |      36.64676 |   37350.67578 |   32446.47266 |    4897.89990 |   37360.57422 |      37.50000 |      37.00000 | 
     37.02093 |      36.64675 |   37339.76562 |   32435.76758 |    4897.69434 |   37349.72656 |      37.50000 |      37.00000 | 
     37.02093 |      36.64675 |   37330.43750 |   32426.63281 |    4897.50098 |   37340.44922 |      37.50000 |      37.00000 | 
     37.02093 |      36.64675 |   37322.54297 |   32418.91406 |    4897.32568 |   37332.59766 |      37.50000 |      37.00000 | 
     37.02093 |      36.64674 |   37313.07422 |   32409.66406 |    4897.10693 |   37323.17969 |      37.50000 |      37.00000 | 
     37.02093 |      36.64674 |   37305.13281 |   32401.91797 |    4896.91260 |   37315.28516 |      37.50000 |      37.00000 | 
     37.02094 |      36.64674 |   37295.47656 |   32392.50391 |    4896.66895 |   37305.67969 |      37.50000 |      37.00000 | 
     37.02094 |      36.64674 |   37285.80859 |   32383.08789 |    4896.41602 |   37296.06641 |      37.50000 |      37.00000 | 
     37.02094 |      36.64673 |   37277.68750 |   32375.18750 |    4896.19580 |   37287.99219 |      37.50000 |      37.00000 | 
     37.02094 |      36.64673 |   37267.83203 |   32365.60352 |    4895.92627 |   37278.19141 |      37.50000 |      37.00000 | 
     37.02094 |      36.64672 |   37258.00391 |   32356.05078 |    4895.65234 |   37268.41797 |      37.50000 |      37.00000 | 
     37.02094 |      36.64672 |   37246.35938 |   32344.73633 |    4895.32129 |   37256.83594 |      37.50000 |      37.00000 | 
     37.02094 |      36.64672 |   37236.32422 |   32334.98828 |    4895.03418 |   37246.85938 |      37.50000 |      37.00000 | 
     37.02094 |      36.64671 |   37224.53516 |   32323.53906 |    4894.69482 |   37235.13672 |      37.50000 |      37.00000 | 
     37.02094 |      36.64671 |   37214.35156 |   32313.64844 |    4894.39941 |   37225.00391 |      37.50000 |      37.00000 | 
     37.02094 |      36.64670 |   37202.35156 |   32301.99414 |    4894.05420 |   37213.07422 |      37.50000 |      37.00000 | 
     37.02094 |      36.64670 |   37191.92188 |   32291.86523 |    4893.75537 |   37202.69922 |      37.50000 |      37.00000 | 
     37.02094 |      36.64669 |   37181.58203 |   32281.82422 |    4893.45508 |   37192.41797 |      37.50000 |      37.00000 | 
     37.02095 |      36.64669 |   37174.63672 |   32275.07617 |    4893.25684 |   37185.51172 |      37.50000 |      37.00000 | 
     37.02095 |      36.64669 |   37162.23828 |   32263.03320 |    4892.90039 |   37173.17969 |      37.50000 |      37.00000 | 
     37.02095 |      36.64668 |   37151.70703 |   32252.80664 |    4892.59961 |   37162.71094 |      37.50000 |      37.00000 | 
     37.02095 |      36.64668 |   37141.89062 |   32243.27148 |    4892.31885 |   37152.94531 |      37.50000 |      37.00000 | 
     37.02095 |      36.64668 |   37131.07031 |   32232.75977 |    4892.00684 |   37142.18359 |      37.50000 |      37.00000 | 
     37.02095 |      36.64667 |   37120.30859 |   32222.30859 |    4891.69678 |   37131.48047 |      37.50000 |      37.00000 | 
     37.02095 |      36.64667 |   37110.20703 |   32212.50000 |    4891.40576 |   37121.43750 |      37.50000 |      37.00000 | 
     37.02095 |      36.64666 |   37099.20703 |   32201.82227 |    4891.08594 |   37110.49609 |      37.50000 |      37.00000 | 
     37.02095 |      36.64666 |   37088.18750 |   32191.12695 |    4890.75879 |   37099.53906 |      37.50000 |      37.00000 | 
     37.02095 |      36.64665 |   37074.18750 |   32177.54492 |    4890.34180 |   37085.61719 |      37.50000 |      37.00000 | 
     37.02095 |      36.64665 |   37063.07031 |   32166.76367 |    4890.00439 |   37074.55859 |      37.50000 |      37.00000 | 
     37.02096 |      36.64664 |   37052.71875 |   32156.73242 |    4889.68604 |   37064.26172 |      37.50000 |      37.00000 | 
     37.02096 |      36.64664 |   37041.37500 |   32145.74414 |    4889.33008 |   37052.98438 |      37.50000 |      37.00000 | 
     37.02096 |      36.64663 |   37027.07812 |   32131.90820 |    4888.86865 |   37038.76172 |      37.50000 |      37.00000 | 
     37.02096 |      36.64663 |   37015.66406 |   32120.87109 |    4888.49316 |   37027.41406 |      37.50000 |      37.00000 | 
     37.02096 |      36.64662 |   36999.13281 |   32104.89844 |    4887.93066 |   37010.96875 |      37.50000 |      37.00000 | 
     37.02097 |      36.64661 |   36987.49609 |   32093.67188 |    4887.52344 |   36999.39844 |      37.50000 |      37.00000 | 
     37.02097 |      36.64661 |   36972.69531 |   32079.40625 |    4886.98975 |   36984.67969 |      37.50000 |      37.00000 | 
     37.02097 |      36.64660 |   36959.07422 |   32066.28906 |    4886.48340 |   36971.13281 |      37.50000 |      37.00000 | 
     37.02097 |      36.64659 |   36944.20703 |   32052.87109 |    4885.03223 |   36956.34375 |      37.50000 |      37.00000 | 
     37.02097 |      36.64658 |   36929.30469 |   32038.48438 |    4884.51758 |   36941.52344 |      37.50000 |      37.00000 | 
     37.02097 |      36.64658 |   36917.28906 |   32026.89648 |    4884.09229 |   36929.57422 |      37.50000 |      37.00000 | 
     37.02097 |      36.64657 |   36905.31641 |   32015.35938 |    4883.65576 |   36917.66406 |      37.50000 |      37.00000 | 
     37.02098 |      36.64656 |   36889.97266 |   32000.58594 |    4883.08350 |   36902.40625 |      37.50000 |      37.00000 | 
     37.02098 |      36.64656 |   36877.93750 |   31989.00977 |    4882.62305 |   36890.43359 |      37.50000 |      37.00000 | 
     37.02098 |      36.64655 |   36866.53516 |   31978.05859 |    4882.17480 |   36879.09375 |      37.50000 |      37.00000 | 
     37.02098 |      36.64654 |   36854.19531 |   31966.20703 |    4881.68311 |   36866.82031 |      37.50000 |      37.00000 | 
     37.02098 |      36.64653 |   36841.94531 |   31954.46094 |    4881.18311 |   36854.63672 |      37.50000 |      37.00000 | 
     37.02099 |      36.64652 |   36826.20312 |   31939.37695 |    4880.52539 |   36838.98047 |      37.50000 |      37.00000 | 
     37.02099 |      36.64651 |   36813.76953 |   31927.46875 |    4879.99902 |   36826.61328 |      37.50000 |      37.00000 | 
     37.02099 |      36.64651 |   36802.25781 |   31916.45703 |    4879.49902 |   36815.16406 |      37.50000 |      37.00000 | 
     37.02099 |      36.64650 |   36789.59375 |   31904.35156 |    4878.94238 |   36802.57031 |      37.50000 |      37.00000 | 
     37.02100 |      36.64649 |   36776.98047 |   31892.30078 |    4878.37598 |   36790.02344 |      37.50000 |      37.00000 | 
     37.02100 |      36.64648 |   36768.49219 |   31884.19531 |    4877.99414 |   36781.57812 |      37.50000 |      37.00000 | 
     37.02100 |      36.64647 |   36752.48438 |   31868.92969 |    4877.25391 |   36765.66016 |      37.50000 |      37.00000 | 
     37.02100 |      36.64647 |   36739.77344 |   31856.81055 |    4876.66064 |   36753.01953 |      37.50000 |      37.00000 | 
     37.02100 |      36.64646 |   36727.92188 |   31845.52148 |    4876.10059 |   36741.23047 |      37.50000 |      37.00000 | 
     37.02101 |      36.64645 |   36714.89453 |   31833.12109 |    4875.47266 |   36728.27344 |      37.50000 |      37.00000 | 
     37.02101 |      36.64644 |   36702.07031 |   31820.91992 |    4874.84814 |   36715.51562 |      37.50000 |      37.00000 | 
     37.02101 |      36.64643 |   36689.97266 |   31809.41797 |    4874.25244 |   36703.48438 |      37.50000 |      37.00000 | 
     37.02102 |      36.64642 |   36676.81641 |   31796.91992 |    4873.59375 |   36690.39844 |      37.50000 |      37.00000 | 
     37.02102 |      36.64641 |   36663.70703 |   31784.47266 |    4872.93213 |   36677.35938 |      37.50000 |      37.00000 | 
     37.02102 |      36.64640 |   36651.61328 |   31773.00195 |    4872.30811 |   36665.32812 |      37.50000 |      37.00000 | 
     37.02102 |      36.64639 |   36638.32812 |   31760.40430 |    4871.62061 |   36652.11719 |      37.50000 |      37.00000 | 
     37.02102 |      36.64638 |   36625.02734 |   31747.80273 |    4870.91992 |   36638.88281 |      37.50000 |      37.00000 | 
     37.02103 |      36.64637 |   36612.73438 |   31736.16602 |    4870.26465 |   36626.66016 |      37.50000 |      37.00000 | 
     37.02103 |      36.64636 |   36599.32031 |   31723.47656 |    4869.54053 |   36613.32031 |      37.50000 |      37.00000 | 
     37.02103 |      36.64634 |   36582.47656 |   31707.55273 |    4868.61963 |   36596.56641 |      37.50000 |      37.00000 | 
     37.02104 |      36.64633 |   36568.87109 |   31694.70508 |    4867.86279 |   36583.03125 |      37.50000 |      37.00000 | 
     37.02104 |      36.64632 |   36555.35547 |   31681.94922 |    4867.10254 |   36569.58984 |      37.50000 |      37.00000 | 
     37.02104 |      36.64631 |   36542.89844 |   31670.20312 |    4866.39209 |   36557.19922 |      37.50000 |      37.00000 | 
     37.02105 |      36.64630 |   36529.13672 |   31657.24023 |    4865.59570 |   36543.51172 |      37.50000 |      37.00000 | 
     37.02105 |      36.64629 |   36517.78516 |   31646.55273 |    4864.93115 |   36532.21875 |      37.50000 |      37.00000 | 
     37.02105 |      36.64628 |   36504.01172 |   31633.59570 |    4864.11475 |   36518.51953 |      37.50000 |      37.00000 | 
     37.02106 |      36.64626 |   36484.23047 |   31615.00000 |    4862.92773 |   36498.84375 |      37.50000 |      37.00000 | 
     37.02106 |      36.64624 |   36466.88281 |   31598.71484 |    4861.86426 |   36481.58594 |      37.50000 |      37.00000 | 
     37.02106 |      36.64623 |   36452.91406 |   31585.61328 |    4860.99707 |   36467.69141 |      37.50000 |      37.00000 | 
     37.02107 |      36.64621 |   36435.46875 |   31569.27344 |    4859.89502 |   36450.33984 |      37.50000 |      37.00000 | 
     37.02107 |      36.64619 |   36415.46484 |   31550.55273 |    4858.60938 |   36430.55469 |      37.50000 |      37.00000 | 
     37.02108 |      36.64618 |   36401.27344 |   31537.28906 |    4857.68457 |   36417.30078 |      37.50000 |      37.00000 | 
     37.02108 |      36.64617 |   36387.22266 |   31524.16211 |    4856.75830 |   36404.17969 |      37.50000 |      37.00000 | 
     37.02108 |      36.64615 |   36374.05859 |   31511.87500 |    4855.88037 |   36391.88672 |      37.50000 |      37.00000 | 
     37.02109 |      36.64614 |   36359.87109 |   31498.64844 |    4854.91797 |   36378.63672 |      37.50000 |      37.00000 | 
     37.02109 |      36.64613 |   36345.59375 |   31485.35156 |    4853.93994 |   36365.30078 |      37.50000 |      37.00000 | 
     37.02110 |      36.64611 |   36327.54688 |   31468.55078 |    4852.69141 |   36348.44141 |      37.50000 |      37.00000 | 
     37.02110 |      36.64609 |   36313.29688 |   31455.30664 |    4851.68750 |   36335.12891 |      37.50000 |      37.00000 | 
     37.02111 |      36.64608 |   36300.05078 |   31443.00977 |    4850.74268 |   36322.75781 |      37.50000 |      37.00000 | 
     37.02111 |      36.64606 |   36285.50781 |   31429.51367 |    4849.69482 |   36309.17188 |      37.50000 |      37.00000 | 
     37.02111 |      36.64605 |   36270.21094 |   31415.32422 |    4848.58496 |   36294.87891 |      37.50000 |      37.00000 | 
     37.02112 |      36.64603 |   36254.01172 |   31400.32031 |    4847.38867 |   36279.74219 |      37.50000 |      37.00000 | 
     37.02112 |      36.64601 |   36239.58203 |   31386.96875 |    4846.31055 |   36266.25781 |      37.50000 |      37.00000 | 
     37.02113 |      36.64600 |   36226.03125 |   31374.44141 |    4845.28760 |   36253.59375 |      37.50000 |      37.00000 | 
     37.02113 |      36.64598 |   36211.40234 |   31362.14844 |    4842.95312 |   36239.92578 |      37.50000 |      37.00000 | 
     37.02114 |      36.64596 |   36193.04297 |   31344.77539 |    4841.96631 |   36222.76562 |      37.50000 |      37.00000 | 
     37.02114 |      36.64594 |   36178.21484 |   31330.75586 |    4841.15967 |   36208.91016 |      37.50000 |      37.00000 | 
     37.02115 |      36.64592 |   36163.56250 |   31316.90430 |    4840.35645 |   36195.21484 |      37.50000 |      37.00000 | 
     37.02115 |      36.64590 |   36144.81250 |   31299.19727 |    4839.31201 |   36175.45312 |      37.50000 |      37.00000 | 
     37.02116 |      36.64588 |   36130.09766 |   31285.30859 |    4838.48535 |   36156.83984 |      37.50000 |      37.00000 | 
     37.02116 |      36.64586 |   36111.41406 |   31267.69336 |    4837.42090 |   36133.21484 |      37.50000 |      37.00000 | 
     37.02117 |      36.64584 |   36096.53906 |   31253.67188 |    4836.56445 |   36114.40234 |      37.50000 |      37.00000 | 
     37.02118 |      36.64582 |   36082.82812 |   31240.75781 |    4835.76465 |   36098.71094 |      37.50000 |      37.00000 | 
     37.02118 |      36.64581 |   36067.75781 |   31226.57617 |    4834.87891 |   36083.52344 |      37.50000 |      37.00000 | 
     37.02119 |      36.64579 |   36052.86719 |   31212.57227 |    4833.99365 |   36068.51172 |      37.50000 |      37.00000 | 
     37.02119 |      36.64576 |   36034.00000 |   31194.83789 |    4832.85645 |   36049.49609 |      37.50000 |      37.00000 | 
     37.02120 |      36.64574 |   36019.00000 |   31180.75391 |    4831.94531 |   36034.37891 |      37.50000 |      37.00000 | 
     37.02120 |      36.64572 |   36005.01562 |   31167.63086 |    4831.08447 |   36020.28516 |      37.50000 |      37.00000 | 
     37.02121 |      36.64570 |   35989.96484 |   31153.51367 |    4830.14990 |   36005.11328 |      37.50000 |      37.00000 | 
     37.02121 |      36.64568 |   35974.84766 |   31139.33984 |    4829.20410 |   35989.87500 |      37.50000 |      37.00000 | 
     37.02122 |      36.64566 |   35955.60938 |   31121.32617 |    4827.98340 |   35970.48828 |      37.50000 |      37.00000 | 
     37.02123 |      36.64563 |   35940.60547 |   31102.94141 |    4831.36182 |   35955.36328 |      37.50000 |      37.00000 | 
     37.02124 |      36.64561 |   35921.51562 |   31086.73047 |    4828.48145 |   35936.12109 |      37.50000 |      37.00000 | 
     37.02124 |      36.64559 |   35907.32812 |   31074.70898 |    4826.31250 |   35921.82422 |      37.50000 |      37.00000 | 
     37.02125 |      36.64557 |   35894.64062 |   31063.98242 |    4824.35596 |   35909.03906 |      37.50000 |      37.00000 | 
     37.02125 |      36.64555 |   35881.91797 |   31053.24023 |    4822.37549 |   35896.21484 |      37.50000 |      37.00000 | 
     37.02126 |      36.64553 |   35866.71484 |   31040.41992 |    4819.99316 |   35880.89453 |      37.50000 |      37.00000 | 
     37.02127 |      36.64550 |   35844.50000 |   31021.74219 |    4816.45703 |   35858.50391 |      37.50000 |      37.00000 | 
     37.02127 |      36.64548 |   35831.73438 |   31011.02734 |    4814.40674 |   35845.64062 |      37.50000 |      37.00000 | 
     37.02128 |      36.64546 |   35821.51953 |   31002.46680 |    4812.75098 |   35835.34766 |      37.50000 |      37.00000 | 
     37.02129 |      36.64543 |   35802.10547 |   30986.23633 |    4809.57129 |   35815.78125 |      37.50000 |      37.00000 | 
     37.02129 |      36.64541 |   35787.88672 |   30974.36133 |    4807.22217 |   35801.44531 |      37.50000 |      37.00000 | 
     37.02130 |      36.64539 |   35772.54297 |   30961.58398 |    4804.65771 |   35785.98438 |      37.50000 |      37.00000 | 
     37.02131 |      36.64537 |   35762.24219 |   30953.01953 |    4802.92285 |   35775.60547 |      37.50000 |      37.00000 | 
     37.02132 |      36.64534 |   35742.76562 |   30936.85352 |    4799.60938 |   35755.97656 |      37.50000 |      37.00000 | 
     37.02132 |      36.64531 |   35727.55859 |   30924.25781 |    4796.99658 |   35740.64844 |      37.50000 |      37.00000 | 
     37.02133 |      36.64528 |   35707.95703 |   30908.06836 |    4793.58643 |   35720.89453 |      37.50000 |      37.00000 | 
     37.02134 |      36.64526 |   35692.65234 |   30895.45508 |    4790.89404 |   35705.47266 |      37.50000 |      37.00000 | 
     37.02135 |      36.64523 |   35678.32422 |   30883.67969 |    4788.34131 |   35691.03125 |      37.50000 |      37.00000 | 
     37.02135 |      36.64521 |   35662.79688 |   30870.93164 |    4785.56250 |   35675.38281 |      37.50000 |      37.00000 | 
     37.02136 |      36.64518 |   35648.55859 |   30859.26367 |    4782.99316 |   35661.03906 |      37.50000 |      37.00000 | 
     37.02137 |      36.64515 |   35633.02344 |   30846.56250 |    4780.15869 |   35645.37891 |      37.50000 |      37.00000 | 
     37.02138 |      36.64512 |   35613.63281 |   30830.74805 |    4776.58301 |   35625.83984 |      37.50000 |      37.00000 | 
     37.02139 |      36.64509 |   35598.14844 |   30818.15039 |    4773.69678 |   35610.23828 |      37.50000 |      37.00000 | 
     37.02140 |      36.64507 |   35582.66797 |   30805.57812 |    4770.78809 |   35594.63672 |      37.50000 |      37.00000 | 
     37.02141 |      36.64503 |   35562.66406 |   30789.37891 |    4766.98193 |   35574.48047 |      37.50000 |      37.00000 | 
     37.02142 |      36.64499 |   35543.16406 |   30773.63672 |    4763.22266 |   35554.82812 |      37.50000 |      37.00000 | 
     37.02143 |      36.64497 |   35527.60156 |   30761.10352 |    4760.19775 |   35539.14844 |      37.50000 |      37.00000 | 
     37.02143 |      36.64495 |   35517.32422 |   30752.84180 |    4758.18066 |   35528.78906 |      37.50000 |      37.00000 | 
     37.02144 |      36.64491 |   35497.73047 |   30737.13281 |    4754.29980 |   35509.04688 |      37.50000 |      37.00000 | 
     37.02145 |      36.64488 |   35482.26172 |   30724.75781 |    4751.20508 |   35493.45703 |      37.50000 |      37.00000 | 
     37.02146 |      36.64484 |   35462.62109 |   30709.09180 |    4747.22803 |   35473.66406 |      37.50000 |      37.00000 | 
     37.02147 |      36.64481 |   35447.26172 |   30696.86719 |    4744.09033 |   35458.18750 |      37.50000 |      37.00000 | 
     37.02148 |      36.64479 |   35432.80078 |   30685.39062 |    4741.10742 |   35443.61719 |      37.50000 |      37.00000 | 
     37.02149 |      36.64476 |   35417.30078 |   30673.11719 |    4737.88184 |   35428.00000 |      37.50000 |      37.00000 | 
     37.02150 |      36.64473 |   35407.06641 |   30665.03320 |    4735.73193 |   35417.68750 |      37.50000 |      37.00000 | 
     37.02151 |      36.64470 |   35387.52734 |   30656.89648 |    4724.33008 |   35397.99609 |      37.50000 |      37.00000 | 
     37.02152 |      36.64466 |   35372.12891 |   30641.94531 |    4723.88184 |   35382.48047 |      37.50000 |      37.00000 | 
     37.02153 |      36.64462 |   35352.40625 |   30622.79883 |    4723.30322 |   35362.60938 |      37.50000 |      37.00000 | 
     37.02154 |      36.64459 |   35338.28516 |   30609.09961 |    4722.88477 |   35348.38281 |      37.50000 |      37.00000 | 
     37.02155 |      36.64455 |   35318.94141 |   30590.33398 |    4722.30713 |   35328.89062 |      37.50000 |      37.00000 | 
     37.02156 |      36.64451 |   35299.70312 |   30571.66992 |    4721.72998 |   35309.50781 |      37.50000 |      37.00000 | 
     37.02158 |      36.64448 |   35284.35547 |   30556.78516 |    4721.26807 |   35294.04297 |      37.50000 |      37.00000 | 
     37.02159 |      36.64443 |   35261.83984 |   30534.95703 |    4720.58008 |   35271.35547 |      37.50000 |      37.00000 | 
     37.02160 |      36.64440 |   35249.08984 |   30522.59570 |    4720.19043 |   35258.50781 |      37.50000 |      37.00000 | 
     37.02161 |      36.64438 |   35238.98047 |   30512.79883 |    4719.88037 |   35248.32422 |      37.50000 |      37.00000 | 
     37.02162 |      36.64434 |   35219.55859 |   30493.97461 |    4719.27930 |   35228.75391 |      37.50000 |      37.00000 | 
     37.02163 |      36.64431 |   35205.35156 |   30480.21484 |    4718.83594 |   35214.44141 |      37.50000 |      37.00000 | 
     37.02164 |      36.64426 |   35184.93359 |   30460.43555 |    4718.19629 |   35193.86719 |      37.50000 |      37.00000 | 
     37.02166 |      36.64422 |   35169.61328 |   30445.59570 |    4717.71240 |   35178.43359 |      37.50000 |      37.00000 | 
     37.02167 |      36.64419 |   35155.45703 |   30431.88867 |    4717.26416 |   35164.17188 |      37.50000 |      37.00000 | 
     37.02168 |      36.64415 |   35140.15625 |   30417.08008 |    4716.77539 |   35148.75781 |      37.50000 |      37.00000 | 
     37.02169 |      36.64411 |   35122.32812 |   30399.82422 |    4716.20508 |   35130.79297 |      37.50000 |      37.00000 | 
     37.02170 |      36.64408 |   35107.24609 |   30385.09570 |    4715.84717 |   35115.59766 |      37.50000 |      37.00000 | 
     37.02172 |      36.64403 |   35088.01172 |   30365.16016 |    4716.55029 |   35096.21875 |      37.50000 |      37.00000 | 
     37.02173 |      36.64400 |   35075.40234 |   30352.08594 |    4717.01611 |   35083.51562 |      37.50000 |      37.00000 | 
     37.02174 |      36.64396 |   35060.24609 |   30336.35938 |    4717.58252 |   35068.24609 |      37.50000 |      37.00000 | 
     37.02175 |      36.64392 |   35046.23047 |   30321.81055 |    4718.11572 |   35054.12500 |      37.50000 |      37.00000 | 
     37.02176 |      36.64389 |   35031.18750 |   30307.49805 |    4717.38770 |   35038.97266 |      37.50000 |      37.00000 | 
     37.02178 |      36.64384 |   35012.42969 |   30286.43359 |    4719.69531 |   35020.07031 |      37.50000 |      37.00000 | 
     37.02179 |      36.64379 |   34993.64062 |   30265.29297 |    4722.04395 |   35001.14453 |      37.50000 |      37.00000 | 
     37.02181 |      36.64375 |   34978.58203 |   30249.48828 |    4722.79248 |   34985.97266 |      37.50000 |      37.00000 | 
     37.02182 |      36.64372 |   34964.85547 |   30233.22266 |    4725.33154 |   34972.14453 |      37.50000 |      37.00000 | 
     37.02183 |      36.64368 |   34949.98828 |   30215.58008 |    4728.10449 |   34957.16797 |      37.50000 |      37.00000 | 
     37.02184 |      36.64364 |   34936.31641 |   30199.32812 |    4730.68604 |   34943.39453 |      37.50000 |      37.00000 | 
     37.02186 |      36.64360 |   34921.50000 |   30181.68555 |    4733.51318 |   34928.46484 |      37.50000 |      37.00000 | 
     37.02187 |      36.64356 |   34907.83594 |   30165.39062 |    4736.14404 |   34914.70312 |      37.50000 |      37.00000 | 
     37.02188 |      36.64352 |   34893.09375 |   30147.77344 |    4739.01904 |   34899.84766 |      37.50000 |      37.00000 | 
     37.02190 |      36.64347 |   34874.60938 |   30125.63672 |    4742.66895 |   34881.22656 |      37.50000 |      37.00000 | 
     37.02191 |      36.64344 |   34864.84375 |   30113.92578 |    4744.61377 |   34871.39062 |      37.50000 |      37.00000 | 
     37.02193 |      36.64339 |   34846.46484 |   30091.84180 |    4748.31885 |   34852.87500 |      37.50000 |      37.00000 | 
     37.02194 |      36.64336 |   34836.78125 |   30080.18555 |    4750.29590 |   34843.12109 |      37.50000 |      37.00000 | 
     37.02195 |      36.64331 |   34818.33594 |   30057.93750 |    4754.09717 |   34824.54297 |      37.50000 |      37.00000 | 
     37.02197 |      36.64326 |   34799.99219 |   30034.46094 |    4759.22949 |   34806.06250 |      37.50000 |      37.00000 | 
     37.02199 |      36.64320 |   34781.93750 |   30014.01367 |    4761.62061 |   34787.87500 |      37.50000 |      37.00000 | 
     37.02200 |      36.64316 |   34767.55469 |   29997.69727 |    4763.55615 |   34773.38281 |      37.50000 |      37.00000 | 
     37.02203 |      36.64310 |   34747.27734 |   29974.66406 |    4766.31396 |   34752.95703 |      37.50000 |      37.00000 | 
     37.02205 |      36.64304 |   34729.37891 |   29954.28320 |    4768.79736 |   34734.92969 |      37.50000 |      37.00000 | 
     37.02206 |      36.64299 |   34711.43750 |   29933.81641 |    4771.31689 |   34716.85547 |      37.50000 |      37.00000 | 
     37.02208 |      36.64295 |   34699.72656 |   29920.44531 |    4772.98145 |   34705.05859 |      37.50000 |      37.00000 | 
     37.02209 |      36.64290 |   34682.09766 |   29900.27148 |    4775.52441 |   34687.30469 |      37.50000 |      37.00000 | 
     37.02211 |      36.64286 |   34670.31250 |   29888.21484 |    4775.79297 |   34675.42969 |      37.50000 |      37.00000 | 
     37.02212 |      36.64282 |   34658.65625 |   29874.08203 |    4778.27002 |   34663.68750 |      37.50000 |      37.00000 | 
     37.02213 |      36.64278 |   34647.04688 |   29859.98047 |    4780.75977 |   34651.99219 |      37.50000 |      37.00000 | 
     37.02215 |      36.64275 |   34635.42969 |   29845.85547 |    4783.27393 |   34640.29297 |      37.50000 |      37.00000 | 
     37.02217 |      36.64269 |   34618.05859 |   29824.68359 |    4787.07715 |   34622.79688 |      37.50000 |      37.00000 | 
     37.02218 |      36.64265 |   34606.56641 |   29810.64062 |    4789.62646 |   34611.21875 |      37.50000 |      37.00000 | 
     37.02219 |      36.64261 |   34595.08203 |   29796.58398 |    4792.19678 |   34599.64844 |      37.50000 |      37.00000 | 
     37.02221 |      36.64256 |   34579.15625 |   29777.05078 |    4795.80273 |   34583.60547 |      37.50000 |      37.00000 | 
     37.02223 |      36.64251 |   34566.61719 |   29761.63281 |    4798.67920 |   34570.97656 |      37.50000 |      37.00000 | 
     37.02224 |      36.64247 |   34553.14844 |   29745.04688 |    4801.79688 |   34557.41016 |      37.50000 |      37.00000 | 
     37.02227 |      36.64241 |   34536.12109 |   29718.05859 |    4811.75732 |   34540.26172 |      37.50000 |      37.00000 | 
     37.02229 |      36.64235 |   34519.08984 |   29705.28125 |    4807.50293 |   34523.10938 |      37.50000 |      37.00000 | 
     37.02230 |      36.64230 |   34506.66797 |   29695.99414 |    4804.36963 |   34510.59375 |      37.50000 |      37.00000 | 
     37.02232 |      36.64224 |   34490.16406 |   29683.70117 |    4800.16016 |   34493.96875 |      37.50000 |      37.00000 | 
     37.02234 |      36.64221 |   34481.28516 |   29677.10742 |    4797.87695 |   34485.02734 |      37.50000 |      37.00000 | 
     37.02236 |      36.64215 |   34464.84766 |   29664.93164 |    4793.61230 |   34468.47266 |      37.50000 |      37.00000 | 
     37.02237 |      36.64210 |   34452.78516 |   29656.03711 |    4790.44531 |   34456.32422 |      37.50000 |      37.00000 | 
     37.02239 |      36.64205 |   34439.85938 |   29646.52734 |    4787.02734 |   34443.30859 |      37.50000 |      37.00000 | 
     37.02242 |      36.64199 |   34423.50781 |   29634.55469 |    4782.65234 |   34426.83594 |      37.50000 |      37.00000 | 
     37.02243 |      36.64193 |   34408.57031 |   29623.65820 |    4778.61133 |   34411.79297 |      37.50000 |      37.00000 | 
     37.02246 |      36.64187 |   34392.56641 |   29610.05078 |    4776.20996 |   34395.67188 |      37.50000 |      37.00000 | 
     37.02248 |      36.64182 |   34379.97266 |   29602.61133 |    4771.05957 |   34382.98828 |      37.50000 |      37.00000 | 
     37.02250 |      36.64175 |   34364.14844 |   29593.32617 |    4764.51807 |   34367.05078 |      37.50000 |      37.00000 | 
     37.02252 |      36.64171 |   34352.62891 |   29585.70703 |    4760.61768 |   34355.44922 |      37.50000 |      37.00000 | 
     37.02253 |      36.64166 |   34340.19531 |   29580.51172 |    4753.38232 |   34342.92969 |      37.50000 |      37.00000 | 
     37.02255 |      36.64161 |   34328.62891 |   29575.74609 |    4746.57959 |   34331.27734 |      37.50000 |      37.00000 | 
     37.02258 |      36.64154 |   34313.29688 |   29569.53125 |    4737.46533 |   34315.83984 |      37.50000 |      37.00000 | 
     37.02259 |      36.64149 |   34301.18750 |   29564.70508 |    4730.18115 |   34303.64062 |      37.50000 |      37.00000 | 
     37.02262 |      36.64143 |   34285.94141 |   29558.73633 |    4720.90137 |   34288.28516 |      37.50000 |      37.00000 | 
     37.02264 |      36.64136 |   34270.78125 |   29552.92578 |    4711.55469 |   34273.01953 |      37.50000 |      37.00000 | 
     37.02266 |      36.64131 |   34259.76562 |   29548.77930 |    4704.68457 |   34261.92188 |      37.50000 |      37.00000 | 
     37.02268 |      36.64126 |   34247.99219 |   29544.42188 |    4697.26807 |   34250.06641 |      37.50000 |      37.00000 | 
     37.02271 |      36.64119 |   34233.23438 |   29539.07031 |    4687.86035 |   34235.20312 |      37.50000 |      37.00000 | 
     37.02272 |      36.64114 |   34222.44531 |   29535.24219 |    4680.90039 |   34224.33984 |      37.50000 |      37.00000 | 
     37.02274 |      36.64109 |   34210.92969 |   29531.22852 |    4673.40039 |   34212.73828 |      37.50000 |      37.00000 | 
     37.02277 |      36.64102 |   34196.46094 |   29526.30078 |    4663.85889 |   34198.17188 |      37.50000 |      37.00000 | 
     37.02279 |      36.64097 |   34185.89062 |   29521.92383 |    4657.66943 |   34187.52344 |      37.50000 |      37.00000 | 
     37.02281 |      36.64093 |   34176.51953 |   29519.96875 |    4650.24951 |   34178.08594 |      37.50000 |      37.00000 | 
     37.02282 |      36.64089 |   34169.08203 |   29518.07617 |    4644.70508 |   34170.59375 |      37.50000 |      37.00000 | 
     37.02285 |      36.64081 |   34153.00000 |   29516.80078 |    4629.89648 |   34154.39844 |      37.50000 |      37.00000 | 
     37.02287 |      36.64077 |   34143.77344 |   29516.16992 |    4621.29980 |   34145.10547 |      37.50000 |      37.00000 | 
     37.02288 |      36.64072 |   34134.70312 |   29515.63672 |    4612.76611 |   34135.97656 |      37.50000 |      37.00000 | 
     37.02290 |      36.64069 |   34127.44141 |   29515.25977 |    4605.87842 |   34128.66016 |      37.50000 |      37.00000 | 
     37.02293 |      36.64061 |   34112.00781 |   29514.64453 |    4591.06152 |   34113.11719 |      37.50000 |      37.00000 | 
     37.02295 |      36.64056 |   34103.08203 |   29514.39844 |    4582.38281 |   34104.12891 |      37.50000 |      37.00000 | 
     37.02297 |      36.64049 |   34089.84766 |   29514.18359 |    4569.36133 |   34090.80078 |      37.50000 |      37.00000 | 
     37.02299 |      36.64044 |   34079.34375 |   29514.14844 |    4558.89404 |   34080.22266 |      37.50000 |      37.00000 | 
     37.02302 |      36.64037 |   34066.19531 |   29514.27930 |    4545.61572 |   34066.98438 |      37.50000 |      37.00000 | 
     37.02304 |      36.64032 |   34056.71094 |   29514.49609 |    4535.91309 |   34057.42969 |      37.50000 |      37.00000 | 
     37.02306 |      36.64026 |   34046.51172 |   29518.87891 |    4521.32959 |   34047.16016 |      37.50000 |      37.00000 | 
     37.02309 |      36.64021 |   34037.01562 |   29515.95508 |    4514.75977 |   34037.59766 |      37.50000 |      37.00000 | 
     37.02310 |      36.64017 |   34030.35938 |   29513.94336 |    4510.11377 |   34030.89844 |      37.50000 |      37.00000 | 
     37.02313 |      36.64010 |   34017.89062 |   29510.28125 |    4501.30811 |   34018.33984 |      37.50000 |      37.00000 | 
     37.02314 |      36.64006 |   34011.36719 |   29507.03711 |    4498.02930 |   34011.77344 |      37.50000 |      37.00000 | 
     37.02317 |      36.63999 |   33998.92188 |   29506.61133 |    4486.00732 |   33999.23828 |      37.50000 |      37.00000 | 
     37.02319 |      36.63993 |   33989.93359 |   29506.42383 |    4477.21045 |   33990.25000 |      37.50000 |      37.00000 | 
     37.02322 |      36.63988 |   33980.40234 |   29506.32617 |    4467.77344 |   33980.72266 |      37.50000 |      37.00000 | 
     37.02324 |      36.63980 |   33968.44922 |   29506.38086 |    4455.76514 |   33968.76953 |      37.50000 |      37.00000 | 
     37.02327 |      36.63975 |   33959.77344 |   29506.54102 |    4446.92969 |   33960.09375 |      37.50000 |      37.00000 | 
     37.02329 |      36.63970 |   33950.57812 |   29506.93164 |    4437.34180 |   33950.89844 |      37.50000 |      37.00000 | 
     37.02331 |      36.63964 |   33941.94531 |   29505.77148 |    4429.87500 |   33942.26953 |      37.50000 |      37.00000 | 
     37.02333 |      36.63958 |   33932.99609 |   29504.65039 |    4422.04443 |   33933.32031 |      37.50000 |      37.00000 | 
     37.02336 |      36.63951 |   33921.58984 |   29503.37305 |    4411.91211 |   33921.91016 |      37.50000 |      37.00000 | 
     37.02338 |      36.63947 |   33915.68750 |   29504.34961 |    4405.03369 |   33916.00781 |      37.50000 |      37.00000 | 
     37.02341 |      36.63940 |   33904.67188 |   29501.48242 |    4396.89062 |   33904.99609 |      37.50000 |      37.00000 | 
     37.02343 |      36.63934 |   33896.37500 |   29499.40039 |    4390.66992 |   33896.69531 |      37.50000 |      37.00000 | 
     37.02345 |      36.63929 |   33888.00781 |   29497.38477 |    4384.32275 |   33888.33203 |      37.50000 |      37.00000 | 
     37.02348 |      36.63921 |   33877.27734 |   29494.91992 |    4376.05566 |   33877.60156 |      37.50000 |      37.00000 | 
     37.02351 |      36.63916 |   33869.55469 |   29495.02930 |    4368.22412 |   33869.87891 |      37.50000 |      37.00000 | 
     37.02353 |      36.63910 |   33861.39453 |   29491.24219 |    4363.85156 |   33861.71875 |      37.50000 |      37.00000 | 
     37.02356 |      36.63903 |   33851.09766 |   29486.54492 |    4358.25000 |   33851.42188 |      37.50000 |      37.00000 | 
     37.02358 |      36.63899 |   33845.76562 |   29484.15234 |    4355.31250 |   33846.08984 |      37.50000 |      37.00000 | 
     37.02361 |      36.63891 |   33835.71875 |   29479.71094 |    4349.70361 |   33836.04297 |      37.50000 |      37.00000 | 
     37.02363 |      36.63886 |   33828.50781 |   29476.58789 |    4345.62061 |   33828.83594 |      37.50000 |      37.00000 | 
     37.02365 |      36.63880 |   33820.78125 |   29473.29102 |    4341.18848 |   33821.10547 |      37.50000 |      37.00000 | 
     37.02368 |      36.63874 |   33813.65234 |   29470.31055 |    4337.03955 |   33813.97656 |      37.50000 |      37.00000 | 
     37.02371 |      36.63867 |   33804.17578 |   29466.43164 |    4331.44531 |   33804.50391 |      37.50000 |      37.00000 | 
     37.02373 |      36.63863 |   33799.28125 |   29464.46484 |    4328.51416 |   33799.60547 |      37.50000 |      37.00000 | 
     37.02376 |      36.63855 |   33790.03125 |   29460.82812 |    4322.90137 |   33790.35547 |      37.50000 |      37.00000 | 
     37.02380 |      36.63847 |   33779.75781 |   29456.90820 |    4316.54736 |   33780.08594 |      37.50000 |      37.00000 | 
     37.02382 |      36.63842 |   33773.87109 |   29453.58398 |    4313.98389 |   33774.19531 |      37.50000 |      37.00000 | 
     37.02385 |      36.63835 |   33765.13672 |   29452.27930 |    4306.55518 |   33765.46094 |      37.50000 |      37.00000 | 
     37.02388 |      36.63827 |   33756.55469 |   29450.38281 |    4299.87012 |   33756.88281 |      37.50000 |      37.00000 | 
     37.02391 |      36.63820 |   33748.77344 |   29445.25391 |    4297.21729 |   33749.10156 |      37.50000 |      37.00000 | 
     37.02393 |      36.63815 |   33742.55469 |   29441.18750 |    4295.06592 |   33742.87891 |      37.50000 |      37.00000 | 
     37.02396 |      36.63808 |   33736.11719 |   29437.00000 |    4292.81738 |   33736.44922 |      37.50000 |      37.00000 | 
     37.02399 |      36.63801 |   33728.12500 |   29431.35352 |    4290.46729 |   33728.45312 |      37.50000 |      37.00000 | 
     37.02402 |      36.63794 |   33720.28906 |   29425.90430 |    4288.08203 |   33720.62109 |      37.50000 |      37.00000 | 
     37.02405 |      36.63787 |   33714.18359 |   29421.68164 |    4286.20166 |   33714.51562 |      37.50000 |      37.00000 | 
     37.02407 |      36.63782 |   33708.59766 |   29417.83984 |    4284.45508 |   33708.92969 |      37.50000 |      37.00000 | 
